{
 "cells": [
  {
   "cell_type": "code",
   "execution_count": 39,
   "metadata": {},
   "outputs": [],
   "source": [
    "# DATAFRAMES INITIALISATION\n",
    "\n",
    "import os\n",
    "os.chdir('C:\\\\Users\\\\asus\\\\OneDrive\\\\Documenti\\\\University Docs\\\\MSc Computing\\\\Final Project\\\\RainbowFood(JN)\\\\Rainbow-Food-Collaborative-Filtering-')\n",
    "\n",
    "import pandas as pd\n",
    "\n",
    "# recipe file\n",
    "col_list_rec = ['Link', 'Title', 'Total Time', 'Servings', 'Ingredients', 'Instructions']\n",
    "df_rec = pd.read_csv(\"Recipes.csv\", usecols = col_list_rec)\n",
    "\n",
    "# ratings\n",
    "col_list_rat = [\"userId\", \"recipeId\", \"rating\"]\n",
    "df_ratings = pd.read_csv(\"Ratings_smaller.csv\", usecols = col_list_rat)\n",
    "df_ratings_test = pd.read_csv(\"Ratings_test.csv\", usecols = col_list_rat)"
   ]
  },
  {
   "cell_type": "code",
   "execution_count": 40,
   "metadata": {},
   "outputs": [
    {
     "name": "stdout",
     "output_type": "stream",
     "text": [
      "Tuple numbers of rows and column:  (2876, 3)\n",
      "Number of users :  557 \t Number of recipes:  24\n"
     ]
    },
    {
     "data": {
      "text/plain": [
       "array([[2.5, 3. , 3. , ..., 0. , 0. , 0. ],\n",
       "       [0. , 0. , 0. , ..., 4. , 4. , 3. ],\n",
       "       [0. , 0. , 0. , ..., 0. , 0. , 0. ],\n",
       "       ...,\n",
       "       [0. , 0. , 0. , ..., 3. , 0. , 0. ],\n",
       "       [0. , 0. , 0. , ..., 0. , 0. , 0. ],\n",
       "       [0. , 4. , 0. , ..., 5. , 5. , 0. ]])"
      ]
     },
     "execution_count": 40,
     "metadata": {},
     "output_type": "execute_result"
    }
   ],
   "source": [
    "print(\"Tuple numbers of rows and column: \", df_ratings.shape)\n",
    "n_users = df_ratings.userId.unique().shape[0]\n",
    "n_recipes = df_ratings.recipeId.unique().shape[0]\n",
    "print(\"Number of users : \", n_users,\"\\t\", \"Number of recipes: \", n_recipes)\n",
    "\n",
    "import numpy as np\n",
    "unique_users = df_ratings.userId.unique().tolist()\n",
    "unique_recipes = df_ratings.recipeId.unique().tolist()\n",
    "ratings = np.zeros((n_users, n_items))\n",
    "for line in df_ratings.itertuples():\n",
    "    userId = line[1] # ie. 279\n",
    "    recipeId = line[2] \n",
    "    \n",
    "    unique_userId_index = unique_users.index(userId)\n",
    "    unique_recipeId_index = unique_recipes.index(recipeId)\n",
    "    ratings[unique_userId_index, unique_recipeId_index] = line[3]\n",
    "ratings"
   ]
  },
  {
   "cell_type": "code",
   "execution_count": 17,
   "metadata": {},
   "outputs": [
    {
     "name": "stdout",
     "output_type": "stream",
     "text": [
      "Sparsity: 19.48%\n"
     ]
    }
   ],
   "source": [
    "sparsity = float(len(ratings.nonzero()[0]))\n",
    "sparsity /= (ratings.shape[0] * ratings.shape[1])\n",
    "sparsity *= 100\n",
    "print('Sparsity: {:4.2f}%'.format(sparsity))"
   ]
  },
  {
   "cell_type": "code",
   "execution_count": 38,
   "metadata": {},
   "outputs": [
    {
     "name": "stdout",
     "output_type": "stream",
     "text": [
      "This is the user_similarity\n",
      " [[0.         0.81936303 0.50378469 ... 0.74371609 0.66781808 0.8773337 ]\n",
      " [0.81936303 0.         0.83785357 ... 0.67182451 1.         0.52401186]\n",
      " [0.50378469 0.83785357 0.         ... 1.         0.47585758 1.        ]\n",
      " ...\n",
      " [0.74371609 0.67182451 1.         ... 0.         1.         0.71509856]\n",
      " [0.66781808 1.         0.47585758 ... 1.         0.         1.        ]\n",
      " [0.8773337  0.52401186 1.         ... 0.71509856 1.         0.        ]]\n",
      "\n",
      "\n",
      "This is the recipe_similarity\n",
      " [[0.         0.89472526 0.75261348 0.79955182 0.91642655 0.84789831\n",
      "  0.77437    0.80008322 0.92920072 0.7662686  0.73619828 0.68582929\n",
      "  0.8699018  0.89543071 0.87261934 0.83188016 0.81653018 0.87491942\n",
      "  0.8487278  0.81613284 0.75297138 0.73819146 0.75009123 0.80694883]\n",
      " [0.89472526 0.         0.54721654 0.64122067 0.76642342 0.68577247\n",
      "  0.58679027 0.69189065 0.76861455 0.70653501 0.66518836 0.59444823\n",
      "  0.67932235 0.70368248 0.67452966 0.75283453 0.62239302 0.62216483\n",
      "  0.69225927 0.61926292 0.61603277 0.51876745 0.54534695 0.69106048]\n",
      " [0.75261348 0.54721654 0.         0.66170534 0.8260193  0.67769358\n",
      "  0.68771461 0.73006474 0.74211172 0.74501161 0.57617414 0.63299304\n",
      "  0.81345621 0.67329037 0.82249755 0.70210727 0.67678721 0.68932498\n",
      "  0.70661513 0.60869561 0.61389116 0.56132528 0.64809726 0.76855264]\n",
      " [0.79955182 0.64122067 0.66170534 0.         0.81744348 0.58550186\n",
      "  0.63655826 0.66084964 0.7332728  0.65071171 0.69635406 0.63078481\n",
      "  0.70504689 0.70007502 0.68556083 0.72142166 0.66965085 0.64946892\n",
      "  0.64462386 0.68322871 0.71736317 0.68837808 0.74833543 0.65345728]\n",
      " [0.91642655 0.76642342 0.8260193  0.81744348 0.         0.72658712\n",
      "  0.76811516 0.63900218 0.81375588 0.81976061 0.8892123  0.78015343\n",
      "  0.69823192 0.84492885 0.68071326 0.87470305 0.78475135 0.76087852\n",
      "  0.83919737 0.75643541 0.78735968 0.71999048 0.73065562 0.80089682]\n",
      " [0.84789831 0.68577247 0.67769358 0.58550186 0.72658712 0.\n",
      "  0.57385482 0.58611768 0.73873605 0.6517964  0.70280295 0.62751507\n",
      "  0.61625659 0.70102401 0.69907769 0.72362127 0.70718067 0.65573165\n",
      "  0.72451959 0.64375043 0.67123213 0.63474736 0.62929619 0.65435606]\n",
      " [0.77437    0.58679027 0.68771461 0.63655826 0.76811516 0.57385482\n",
      "  0.         0.64040968 0.72669515 0.69123952 0.65742022 0.65618799\n",
      "  0.65855832 0.71120904 0.69611075 0.7223319  0.63073021 0.66235459\n",
      "  0.68560961 0.65495064 0.70254406 0.53562199 0.5760468  0.63505655]\n",
      " [0.80008322 0.69189065 0.73006474 0.66084964 0.63900218 0.58611768\n",
      "  0.64040968 0.         0.71790157 0.70142763 0.74258724 0.62787288\n",
      "  0.64370544 0.72692154 0.63932708 0.70909696 0.7893001  0.63107202\n",
      "  0.77041384 0.70805572 0.71262594 0.72245008 0.7203983  0.62427162]\n",
      " [0.92920072 0.76861455 0.74211172 0.7332728  0.81375588 0.73873605\n",
      "  0.72669515 0.71790157 0.         0.65419074 0.77570908 0.70532973\n",
      "  0.78861662 0.61258947 0.77364936 0.62070127 0.71664474 0.75785743\n",
      "  0.7869009  0.75009112 0.73619516 0.72584542 0.76865204 0.78435236]\n",
      " [0.7662686  0.70653501 0.74501161 0.65071171 0.81976061 0.6517964\n",
      "  0.69123952 0.70142763 0.65419074 0.         0.76125447 0.65317818\n",
      "  0.64819147 0.76857058 0.61819387 0.74978344 0.67738529 0.72867112\n",
      "  0.72386697 0.71019773 0.74823934 0.68155527 0.70530336 0.58827128]\n",
      " [0.73619828 0.66518836 0.57617414 0.69635406 0.8892123  0.70280295\n",
      "  0.65742022 0.74258724 0.77570908 0.76125447 0.         0.64969571\n",
      "  0.73857283 0.68702192 0.80741335 0.66503448 0.6446894  0.6843094\n",
      "  0.71392745 0.63267081 0.58387989 0.49912724 0.58313291 0.77523948]\n",
      " [0.68582929 0.59444823 0.63299304 0.63078481 0.78015343 0.62751507\n",
      "  0.65618799 0.62787288 0.70532973 0.65317818 0.64969571 0.\n",
      "  0.67316538 0.72954589 0.70340971 0.64821871 0.64524373 0.5789726\n",
      "  0.68711792 0.63087352 0.53669106 0.59267343 0.62308497 0.64451374]\n",
      " [0.8699018  0.67932235 0.81345621 0.70504689 0.69823192 0.61625659\n",
      "  0.65855832 0.64370544 0.78861662 0.64819147 0.73857283 0.67316538\n",
      "  0.         0.70245017 0.57699359 0.65228104 0.69950585 0.63787008\n",
      "  0.70733956 0.65047611 0.79305848 0.68115447 0.6792516  0.69851471]\n",
      " [0.89543071 0.70368248 0.67329037 0.70007502 0.84492885 0.70102401\n",
      "  0.71120904 0.72692154 0.61258947 0.76857058 0.68702192 0.72954589\n",
      "  0.70245017 0.         0.74819643 0.51750432 0.76039132 0.64371014\n",
      "  0.54695376 0.71866828 0.78185545 0.75270946 0.75529743 0.85878276]\n",
      " [0.87261934 0.67452966 0.82249755 0.68556083 0.68071326 0.69907769\n",
      "  0.69611075 0.63932708 0.77364936 0.61819387 0.80741335 0.70340971\n",
      "  0.57699359 0.74819643 0.         0.7141341  0.76148487 0.66108243\n",
      "  0.71578905 0.74609149 0.71540148 0.7513608  0.74602141 0.67555435]\n",
      " [0.83188016 0.75283453 0.70210727 0.72142166 0.87470305 0.72362127\n",
      "  0.7223319  0.70909696 0.62070127 0.74978344 0.66503448 0.64821871\n",
      "  0.65228104 0.51750432 0.7141341  0.         0.76695389 0.68766294\n",
      "  0.63486441 0.69496812 0.76380284 0.75963983 0.77056473 0.84527612]\n",
      " [0.81653018 0.62239302 0.67678721 0.66965085 0.78475135 0.70718067\n",
      "  0.63073021 0.7893001  0.71664474 0.67738529 0.6446894  0.64524373\n",
      "  0.69950585 0.76039132 0.76148487 0.76695389 0.         0.69805489\n",
      "  0.68385745 0.68361408 0.68761952 0.54329092 0.59831359 0.78619514]\n",
      " [0.87491942 0.62216483 0.68932498 0.64946892 0.76087852 0.65573165\n",
      "  0.66235459 0.63107202 0.75785743 0.72867112 0.6843094  0.5789726\n",
      "  0.63787008 0.64371014 0.66108243 0.68766294 0.69805489 0.\n",
      "  0.65328582 0.76222829 0.66403543 0.61543663 0.66002248 0.6942664 ]\n",
      " [0.8487278  0.69225927 0.70661513 0.64462386 0.83919737 0.72451959\n",
      "  0.68560961 0.77041384 0.7869009  0.72386697 0.71392745 0.68711792\n",
      "  0.70733956 0.54695376 0.71578905 0.63486441 0.68385745 0.65328582\n",
      "  0.         0.73568616 0.77642372 0.71415116 0.70655995 0.78514491]\n",
      " [0.81613284 0.61926292 0.60869561 0.68322871 0.75643541 0.64375043\n",
      "  0.65495064 0.70805572 0.75009112 0.71019773 0.63267081 0.63087352\n",
      "  0.65047611 0.71866828 0.74609149 0.69496812 0.68361408 0.76222829\n",
      "  0.73568616 0.         0.60054681 0.60163976 0.64861557 0.71257309]\n",
      " [0.75297138 0.61603277 0.61389116 0.71736317 0.78735968 0.67123213\n",
      "  0.70254406 0.71262594 0.73619516 0.74823934 0.58387989 0.53669106\n",
      "  0.79305848 0.78185545 0.71540148 0.76380284 0.68761952 0.66403543\n",
      "  0.77642372 0.60054681 0.         0.55570768 0.59602697 0.7588101 ]\n",
      " [0.73819146 0.51876745 0.56132528 0.68837808 0.71999048 0.63474736\n",
      "  0.53562199 0.72245008 0.72584542 0.68155527 0.49912724 0.59267343\n",
      "  0.68115447 0.75270946 0.7513608  0.75963983 0.54329092 0.61543663\n",
      "  0.71415116 0.60163976 0.55570768 0.         0.37782351 0.71874074]\n",
      " [0.75009123 0.54534695 0.64809726 0.74833543 0.73065562 0.62929619\n",
      "  0.5760468  0.7203983  0.76865204 0.70530336 0.58313291 0.62308497\n",
      "  0.6792516  0.75529743 0.74602141 0.77056473 0.59831359 0.66002248\n",
      "  0.70655995 0.64861557 0.59602697 0.37782351 0.         0.67604831]\n",
      " [0.80694883 0.69106048 0.76855264 0.65345728 0.80089682 0.65435606\n",
      "  0.63505655 0.62427162 0.78435236 0.58827128 0.77523948 0.64451374\n",
      "  0.69851471 0.85878276 0.67555435 0.84527612 0.78619514 0.6942664\n",
      "  0.78514491 0.71257309 0.7588101  0.71874074 0.67604831 0.        ]]\n"
     ]
    }
   ],
   "source": [
    "from sklearn.metrics.pairwise import pairwise_distances \n",
    "user_similarity = pairwise_distances(ratings, metric='cosine')\n",
    "recipe_similarity = pairwise_distances(ratings.T, metric='cosine')\n",
    "print(\"This is the user_similarity\\n\", user_similarity)\n",
    "print(\"\\n\")\n",
    "print(\"This is the recipe_similarity\\n\", recipe_similarity)"
   ]
  },
  {
   "cell_type": "code",
   "execution_count": null,
   "metadata": {},
   "outputs": [],
   "source": []
  }
 ],
 "metadata": {
  "kernelspec": {
   "display_name": "Python 3",
   "language": "python",
   "name": "python3"
  },
  "language_info": {
   "codemirror_mode": {
    "name": "ipython",
    "version": 3
   },
   "file_extension": ".py",
   "mimetype": "text/x-python",
   "name": "python",
   "nbconvert_exporter": "python",
   "pygments_lexer": "ipython3",
   "version": "3.7.6"
  }
 },
 "nbformat": 4,
 "nbformat_minor": 4
}
